0.000000000000000000e+00
6.723077986931228622e+01
1.339759798997799294e+02
2.002310484701691564e+02
2.659925824231942215e+02
3.312575144630316117e+02
3.960231139206456987e+02
4.602869823548233512e+02
5.240470480090137926e+02
5.873015596127742128e+02
6.500490796244974945e+02
7.122884769816173502e+02
7.740189193854151881e+02
8.352398649036006191e+02
8.959510535132804989e+02
9.561524985277318365e+02
1.015844477734202428e+03
1.075027524098371941e+03
1.133702415422759714e+03
1.191870165718044746e+03
1.249532016199211057e+03
1.306689424274868770e+03
1.363344054246698533e+03
1.419497769150815202e+03
1.475152618941957826e+03
1.530310832702444941e+03
1.584974809146053758e+03
1.639147106079786909e+03
1.692830433726807087e+03
1.746027642964373626e+03
1.798741719720186666e+03
1.850975773431391417e+03
1.902733031792383372e+03
1.954016829813511777e+03
2.004830604748739233e+03
2.055177886193897848e+03
2.105062290453487094e+03
2.154487512792027246e+03
2.203457320174377855e+03
2.251975546124095672e+03
2.300046082661874152e+03
2.347672875446767648e+03
2.394859918047416159e+03
2.441611245282539130e+03
2.487930928982676051e+03
2.533823072891837455e+03
2.579291807017727024e+03
2.624341283636546905e+03
2.668975673140097570e+03
2.713199159525505365e+03
2.757015936240158226e+03
2.800430202912273671e+03
2.843446161816668791e+03
2.886068014432097243e+03
2.928299958091150074e+03
2.970146183267515880e+03
3.011610870856408383e+03
3.052698189542586078e+03
3.093412293337895790e+03
3.133757319220704176e+03
3.173737385034015915e+03
3.213356587578279687e+03
3.252619000757757476e+03
3.291528673859575974e+03
3.330089629962351864e+03
3.368305864467860374e+03
3.406181343749486132e+03
3.443720003906443708e+03
3.480925749625983826e+03
3.517802453162216807e+03
3.554353953393504071e+03
3.590584054967220709e+03
3.626496527529597188e+03
3.662095105035975394e+03
3.697383485137021125e+03
3.732365328636652976e+03
3.767044259017618515e+03
3.801423862030871533e+03
3.835507685345020946e+03
3.869299238252382565e+03
3.902801991428198107e+03
3.936019376739922791e+03
3.968954787103427861e+03
4.001611576383294505e+03
4.033993059334356985e+03
4.066102511581930685e+03
4.097943169638135259e+03
4.129518230951980513e+03
4.160830853990880314e+03
4.191884158351434962e+03
4.222681224893821309e+03
4.253225095900468659e+03
4.283518775267184537e+03
4.313565228712302087e+03
4.343367384005265194e+03
4.372928131213667257e+03
4.402250322967181091e+03
4.431336774736938423e+03
4.460190265128933788e+03
4.488813536188882608e+03
