2.245553488873959773e-04
2.261790419731314497e-04
2.278398424358802493e-04
2.295376655792593311e-04
2.312724123997697198e-04
2.330439690763883606e-04
2.348522078731206744e-04
2.366969878745524768e-04
2.385781557027452713e-04
2.404955462277549427e-04
2.424489832704091114e-04
2.444382802949446776e-04
2.464632410900483039e-04
2.485236604451586916e-04
2.506193248063147590e-04
2.527500129092201246e-04
2.549154963931551856e-04
2.571155404026687747e-04
2.593499042114705906e-04
2.616183417569017239e-04
2.639206021513247949e-04
2.662564302684940448e-04
2.686255672406289634e-04
2.710277508545809498e-04
2.734627161406880157e-04
2.759301957210685526e-04
2.784299202248349857e-04
2.809616187868340374e-04
2.835250192459782582e-04
2.861198487249158573e-04
2.887458337172191507e-04
2.914027006633687546e-04
2.940901759797085596e-04
2.968079866098434169e-04
2.995558600164425155e-04
3.023335246666847254e-04
3.051407100776135930e-04
3.079771471026779891e-04
3.108425681813200571e-04
3.137367073431696659e-04
3.166593005985129917e-04
3.196100859351406879e-04
3.225888034422048109e-04
3.255951955982568590e-04
3.286290072305002026e-04
3.316899856178272916e-04
3.347778807167544864e-04
3.378924451495458154e-04
3.410334342378009624e-04
3.442006061286802514e-04
3.473937218949951561e-04
3.506125455011465698e-04
3.538568438441172981e-04
3.571263868097198160e-04
3.604209473464265335e-04
3.637403014400006568e-04
3.670842281174564541e-04
3.704525094632801665e-04
3.738449306303559473e-04
3.772612798606703828e-04
3.807013484775563809e-04
3.841649308608081296e-04
3.876518244379707247e-04
3.911618296725667102e-04
3.946947500487729948e-04
3.982503920528952519e-04
4.018285651519785625e-04
4.054290817713354276e-04
4.090517572691115236e-04
4.126964099036847192e-04
4.163628608036719770e-04
4.200509339370015654e-04
4.237604560785359622e-04
4.274912567764370852e-04
4.312431683174451505e-04
4.350160256912263108e-04
4.388096665539364689e-04
4.426239311911242709e-04
4.464586624800974185e-04
4.503137058518524817e-04
4.541889092526598271e-04
4.580841231053996133e-04
4.619992002707101644e-04
4.659339960080257563e-04
4.698883679365550956e-04
4.738621759962610464e-04
4.778552824088780327e-04
4.818675516390107561e-04
4.858988503553468086e-04
4.899490473920319706e-04
4.940180137122437282e-04
4.981056223730439322e-04
5.022117484856704903e-04
5.063362691778870370e-04
5.104790635568959550e-04
5.146400126725041244e-04
5.188189994805400985e-04
5.230159088065206453e-04
5.272306273095606934e-04
5.314630434475944029e-04
