0.000000000000000000e+00
2.439488808982952664e-08
3.566586380037762066e-08
4.296111875503922796e-08
4.796829632956107592e-08
5.155127734599917660e-08
5.403999450344353906e-08
5.575571731901917588e-08
5.689647119153739975e-08
5.773687482893704355e-08
5.815443478908519840e-08
5.825547651043525653e-08
5.814314796305385298e-08
5.787497637786177436e-08
5.751979644110555222e-08
5.685864048980086901e-08
5.642890194738639341e-08
5.574214177808157260e-08
5.499891588748134903e-08
5.348750743494061272e-08
5.259460587198045507e-08
5.090922624379865634e-08
5.004365526580844202e-08
4.820211098496510174e-08
4.656490406344648964e-08
4.490197648548286919e-08
4.324220906858668781e-08
4.161262512650111459e-08
3.929134507009016821e-08
3.797517687388267814e-08
3.581917815436116192e-08
3.394594842916459685e-08
3.161357488804832495e-08
2.997816402828650464e-08
2.807134289717141171e-08
2.626627786835516606e-08
2.470377685749207910e-08
2.292331863708675709e-08
2.162820803047567003e-08
1.991562686727611919e-08
1.867748603835790207e-08
1.736029948824349284e-08
1.597936868396564687e-08
1.474248136496854886e-08
1.370392937207153254e-08
1.263990773293807859e-08
1.167710684530230341e-08
1.071477370493549818e-08
9.793936682040760336e-09
8.985884815454620572e-09
8.203998221686481612e-09
7.456824386182294103e-09
6.779616248761782017e-09
6.176131116099216696e-09
5.618827626788086336e-09
5.110242919458279526e-09
4.672998714646681441e-09
4.256009696405284792e-09
3.887142793756645405e-09
3.527541353137695432e-09
3.207861906662007922e-09
2.932451293171491841e-09
2.675922590721077078e-09
2.440392308881375367e-09
2.229663646339848064e-09
2.037668819572174093e-09
1.863886821723619571e-09
1.710021123264165829e-09
1.565598638914397609e-09
1.435732715798363461e-09
1.319447345350578055e-09
1.211272682314804603e-09
1.115301470724538043e-09
1.024794950574171975e-09
9.434306113084851089e-10
8.686326378570516233e-10
8.002593986272746453e-10
7.368961074766769074e-10
6.784009785869718996e-10
6.245757719619695365e-10
5.745617761174136564e-10
5.282890175740165966e-10
4.851860345384505623e-10
4.455737273838881943e-10
4.086062297992252804e-10
3.742843193968229329e-10
3.423186888424527761e-10
3.129019487597333782e-10
2.853823922484238305e-10
2.599647930185112366e-10
2.364571280317081850e-10
2.147120085212092926e-10
1.946095483186832328e-10
1.760491184244661257e-10
1.590156736791453850e-10
1.432791211640759517e-10
1.288989059761299366e-10
1.156917520394763094e-10
1.036476022788601854e-10
9.269561941174364961e-11
8.271086644625224388e-11
7.364863009476010146e-11
6.545757532260875130e-11
5.806573368995298241e-11
5.139522505016787210e-11
4.540574739474980284e-11
4.003224202999476275e-11
3.523541651669792639e-11
3.094731657072371523e-11
2.713676394852381606e-11
2.375843093222430012e-11
2.075775273523892123e-11
1.811117081028147688e-11
1.577431514768228739e-11
1.371997131205874731e-11
1.191382410375048997e-11
1.033302217937906707e-11
8.948834617669225510e-12
7.740365993405847200e-12
6.687442269416814530e-12
5.770708311366998023e-12
