5.000000000000000278e-02
6.464646464646464641e-02
7.929292929292929004e-02
9.393939393939393367e-02
1.085858585858585912e-01
1.232323232323232348e-01
1.378787878787878785e-01
1.525252525252525082e-01
1.671717171717171657e-01
1.818181818181818232e-01
1.964646464646464530e-01
2.111111111111110827e-01
2.257575757575757680e-01
2.404040404040403978e-01
2.550505050505050275e-01
2.696969696969696573e-01
2.843434343434343425e-01
2.989898989898989723e-01
3.136363636363636020e-01
3.282828282828282318e-01
3.429292929292929171e-01
3.575757575757575468e-01
3.722222222222221766e-01
3.868686868686868063e-01
4.015151515151514916e-01
4.161616161616161214e-01
4.308080808080807511e-01
4.454545454545454364e-01
4.601010101010100661e-01
4.747474747474746959e-01
4.893939393939393256e-01
5.040404040404040664e-01
5.186868686868686407e-01
5.333333333333333259e-01
5.479797979797980112e-01
5.626262626262625854e-01
5.772727272727272707e-01
5.919191919191919560e-01
6.065656565656565302e-01
6.212121212121212155e-01
6.358585858585859008e-01
6.505050505050504750e-01
6.651515151515151603e-01
6.797979797979798455e-01
6.944444444444444198e-01
7.090909090909091050e-01
7.237373737373736793e-01
7.383838383838383645e-01
7.530303030303030498e-01
7.676767676767676241e-01
7.823232323232323093e-01
7.969696969696969946e-01
8.116161616161615688e-01
8.262626262626262541e-01
8.409090909090909394e-01
8.555555555555555136e-01
8.702020202020201989e-01
8.848484848484848841e-01
8.994949494949494584e-01
9.141414141414141437e-01
9.287878787878787179e-01
9.434343434343434032e-01
9.580808080808080884e-01
9.727272727272726627e-01
9.873737373737373479e-01
1.002020202020202033e+00
1.016666666666666607e+00
1.031313131313131182e+00
1.045959595959595978e+00
1.060606060606060552e+00
1.075252525252525126e+00
1.089898989898989923e+00
1.104545454545454497e+00
1.119191919191919071e+00
1.133838383838383868e+00
1.148484848484848442e+00
1.163131313131313016e+00
1.177777777777777812e+00
1.192424242424242387e+00
1.207070707070706961e+00
1.221717171717171757e+00
1.236363636363636331e+00
1.251010101010100906e+00
1.265656565656565702e+00
1.280303030303030276e+00
1.294949494949494850e+00
1.309595959595959647e+00
1.324242424242424221e+00
1.338888888888888795e+00
1.353535353535353591e+00
1.368181818181818166e+00
1.382828282828282740e+00
1.397474747474747314e+00
1.412121212121212110e+00
1.426767676767676685e+00
1.441414141414141259e+00
1.456060606060606055e+00
1.470707070707070629e+00
1.485353535353535204e+00
1.500000000000000000e+00
